site=3750;
w3=1/2*(U(:,site).^2);

% hist
hold off
histogram(2*E,300)
hold on
histogram(2*rico2,300)



%histogram(2*rico2,200)
%bar(omega,11000*height,.5,'FaceColor',[122/255 91/255 117/255]);
%hold on
%bar(omega(1:51),10000*their*.01/478.573,.5,'FaceColor',[216/255 223/255 230/255]);

